104 54 80 105
396 55 87 104
675 52 91 107
961 53 91 106
1260 62 91 97
1543 57 87 102

121 219 64 100
388 220 68 99
712 219 67 100
989 220 70 99
1277 219 74 100
1543 219 78 100
1811 220 85 99
2122 220 80 99
2412 219 80 100
2693 220 73 99
2996 219 70 100
3268 220 68 99

106 534 80 105
404 536 85 103
689 534 102 105
975 537 90 102
1258 536 80 103

106 374 80 105
396 375 76 104
683 370 93 109
980 372 86 107
1267 380 90 99
1556 374 89 105
1845 370 86 109
2133 365 86 114
2421 368 86 111
2617 378 154 101
2911 387 148 91
3208 382 140 97
3536 377 99 102
3845 377 78 102
4138 374 80 105

106 710 80 89
397 702 70 97
687 719 68 80
971 700 72 99
1259 694 88 105
1558 686 95 113
1831 698 117 101
2115 704 131 95
2404 682 128 117
2692 692 128 107
2980 689 128 110
3268 702 128 97
3559 695 125 104
3847 684 125 115
4154 714 106 85
4431 678 113 121
