21    23    49    79
111   23    50    78
202   23    49    79
293   23    49    79
384   21    49    80
474   21    50    81
565   21    49    81
656   21    49    81
746   23    50    78
837   25    49    77
928   25    49    77
1019  25    49    77

21    147   53    78
118   151   47    74    
218   151   40    74
311   147   47    73
406   147   47    78
499   151   45    74
594   151   47    74
687   147   53    73

21    255   45    83
114   251   47    82
204   249   52    82
304   246   51    85