     5    5    25    64
    44    6    32    64
    87    6    35    64
   141    7    29    64
   190    7    28    64
   240    7    34    64
   289    7    30    64
   340    6    24    64
   382    7    25    64
   428    7    33    64
   478    6    24    64
   519    6    25    64


     7    72    35    44
    47    72    36    44
    88    72    37    44
   129    72    32    44
   167    72    33    44
   206    72    33    44
   246    72    35    44
   286    72    38    44
   328    72    40    44
   372    72    35    44
   412    72    32    44
   450    72    33    44


     8   239    41    64
    60   237    44    26
   125   239    48    56
   191   238    48    57
   257   264    63    39
